0.015839450393969 0.995079303974887 0.00978048228084969 0.00325481062828079 0.235579796275542
0.0630867349426915 0.978878047816668 0.0094456136374326 0.00335721174831582 0.235038558901504
-0.0588683717359192 1.01745901111487 0.00941180265932883 0.00301909605650093 0.23410787257603
0.0967886592716576 0.963132122809692 0.00775550545714843 0.00317497935120963 0.236634693590527
-0.102218609290097 1.02970535521759 0.00937249413744296 0.0029457697186195 0.233056900476102
-0.0324892563300831 1.00983074801794 0.00953429463437286 0.00310492028601378 0.235881581246117
-0.0351969537339403 1.01065537842691 0.0100507417689329 0.00325507871512742 0.234903383584057
-0.093181681412702 1.02736827530816 0.0100761506475475 0.00317281338819718 0.233559939650444
0.0630867349428058 0.978878047816627 0.00944561363743179 0.00335721174831612 0.235038558901504
0.109734658206497 0.960926046777431 0.00946471498740092 0.00354200850350794 0.234431016334214
-0.00720576538665253 1.002314801924 0.00892919688473684 0.0030768320555527 0.233931010010886
0.145995485543883 0.941553869493037 0.00810911964780172 0.00343470485728771 0.235682405810109
-0.0447416187678533 1.0140802400235 0.00881534421135763 0.00297995414950148 0.233116068432561
0.0188116277272536 0.99385920016775 0.00911150445053279 0.00317482412702871 0.235497496166406
0.0227381803760595 0.992562304835979 0.00956633573016949 0.00332292686979929 0.234582746753796
-0.0254933809337279 1.00811700905356 0.00944876919385283 0.00320592918990553 0.233556867037068
-0.0588683717357372 1.0174590111148 0.00941180265932837 0.00301909605650045 0.234107872576026
-0.00720576538727799 1.00231480192419 0.00892919688473518 0.00307683205555045 0.233931010010884
-0.129838236742942 1.03673582059988 0.00917403463875074 0.00283203103828699 0.232328667904799
0.0406092651181103 0.98513975176979 0.00725960473998135 0.00289448104695903 0.235629364644289
-0.173960033779894 1.04829010514329 0.00917609053107245 0.00277634307172672 0.231144256603403
-0.104681842770389 1.03026445682043 0.00924640562184964 0.00290264373030604 0.234222852613317
-0.116010678635327 1.03352096714033 0.00971732073246001 0.00302998113241132 0.233178972199839
-0.177278528968801 1.04967382634139 0.00981415823748636 0.00297124759009139 0.231566372189722
0.0967886592716612 0.963132122809693 0.00775550545714876 0.00317497935120963 0.236634693590528
0.145995485543884 0.941553869493044 0.00810911964779459 0.00343470485728577 0.23568240581011
0.0406092651178808 0.985139751769894 0.00725960473998142 0.00289448104695941 0.235629364644294
0.2398741174227 0.892276426048946 0.00791140916323337 0.00373400371178089 0.235421317148359
0.0125212427639819 0.995526103249035 0.00709546015691577 0.00277266162670909 0.234841629417196
0.0631782690703347 0.976590122971037 0.0074387141889097 0.00298491152637619 0.237131797065253
0.0706330965798962 0.97370660207402 0.00768116487716755 0.00308334788853985 0.236117382076032
0.0365375646358601 0.986749811980108 0.00747370161896127 0.00294150719929666 0.235142809819537
-0.102218609289812 1.0297053552175 0.00937249413744388 0.00294576971861998 0.233056900476101
-0.0447416187680919 1.01408024002357 0.00881534421135777 0.00297995414950087 0.23311606843256
-0.17396003377999 1.04829010514332 0.00917609053107219 0.00277634307172694 0.231144256603405
0.01252124276431 0.995526103248907 0.00709546015691766 0.00277266162670929 0.234841629417194
-0.219927676006894 1.05996478880128 0.00919310357296709 0.00272831428349897 0.229903163098175
-0.148251342866856 1.04204774263355 0.00922923732640462 0.0028407016106479 0.233068472584717
-0.164921499380947 1.04673018507236 0.00970178795006619 0.00296477140191769 0.231986270829194
-0.23048595748185 1.06338393104913 0.00982889633411227 0.00291693118225546 0.230238615604038
-0.0324892563304175 1.00983074801805 0.00953429463437347 0.00310492028601357 0.235881581246119
0.0188116277273018 0.993859200167741 0.00911150445053003 0.00317482412702743 0.235497496166407
-0.104681842770293 1.03026445682042 0.0092464056218491 0.00290264373030575 0.234222852613322
0.0631782690703665 0.97659012297103 0.00743871418891133 0.00298491152637665 0.237131797065254
-0.148251342866855 1.04204774263356 0.00922923732640543 0.00284070161064793 0.233068472584719
-0.0789896515174784 1.02330612277079 0.00933685595796563 0.00297721421652288 0.235995466223772
-0.0871918673557899 1.02572409627179 0.00981844090258935 0.0031118778806975 0.235039451725955
-0.146815330124661 1.04204601467907 0.00988233575388133 0.00304523603942557 0.233546039045108
-0.0351969537339542 1.01065537842692 0.0100507417689289 0.00325507871513239 0.234903383584057
0.0227381803757975 0.992562304836064 0.00956633573017604 0.00332292686980225 0.234582746753796
-0.116010678635416 1.03352096714037 0.00971732073246147 0.00302998113241208 0.233178972199842
0.0706330965798468 0.973706602074035 0.00768116487716534 0.00308334788853976 0.236117382076031
-0.164921499380927 1.04673018507236 0.00970178795006675 0.0029647714019177 0.231986270829195
-0.0871918673557084 1.02572409627176 0.00981844090258761 0.00311187788069679 0.235039451725953
-0.0975255737304054 1.0287703617581 0.0103906050699119 0.00327216578515138 0.234019386706499
-0.165889334365852 1.04747158372256 0.0104725149565993 0.00320334102385333 0.232434532143568
-0.0931816814126905 1.02736827530815 0.0100761506475293 0.00317281338819082 0.233559939650441
-0.0254933809342598 1.00811700905372 0.00944876919384826 0.00320592918990479 0.233556867037066
-0.177278528968868 1.04967382634142 0.0098141582374879 0.00297124759009196 0.231566372189724
0.0365375646358158 0.98674981198011 0.00747370161896296 0.00294150719929721 0.235142809819534
-0.230485957481707 1.06338393104908 0.00982889633411262 0.00291693118225523 0.230238615604036
-0.146815330124554 1.04204601467902 0.00988233575388056 0.00304523603942515 0.233546039045104
-0.16588933436582 1.04747158372254 0.0104725149565983 0.00320334102385364 0.232434532143566
-0.24350800121368 1.06757469826598 0.0106186041812561 0.00315120974012047 0.230573239059724
-0.159508163227372 1.05607224393456 0.0272484537639734 0.0102549054850347 0.207357521652165
-0.190557512425722 1.07187448382385 0.030257512936098 0.0120840918410953 0.216154986042524
-0.151889896827357 1.05180975065372 0.0289936636588364 0.0106261887399604 0.202010397764321
-0.192805812400906 1.08184981352129 0.024121322262152 0.0108665571370827 0.217499672811087
-0.235589233200845 1.07787514127153 0.0308888240754459 0.0109873508578694 0.213815192821285
-0.182483971437459 1.06302500607743 0.0295939992823985 0.0109762096678935 0.210506893647042
-0.215428231713578 1.07306661602754 0.0300345615927886 0.0108698784238227 0.202644131431528
-0.213788776153541 1.07151750209078 0.0326835142826343 0.0116747943557147 0.209236482544379
-0.190557512425718 1.07187448382384 0.0302575129360873 0.0120840918410965 0.216154986042524
-0.244835267106344 1.09975937359083 0.0357738229117176 0.0152022043122125 0.22500670334939
-0.172103679607866 1.06384731176905 0.0324776605825449 0.012791746561038 0.21292439528008
-0.230946192833549 1.10454432333718 0.0287828087900638 0.0136020643498677 0.225433189561618
-0.264296865924721 1.0947582060138 0.0336637376765581 0.0128611939979627 0.223515497807135
-0.202381436586884 1.07586777112057 0.0331763347726918 0.0131927228706871 0.221063216212839
-0.249092735958265 1.0914433749374 0.0333933555179923 0.0129437361010533 0.21224565320976
-0.244484274161849 1.08919957614882 0.0364524124684913 0.0140466619784084 0.21990254697073
-0.151889896827377 1.05180975065372 0.0289936636588271 0.0106261887399569 0.202010397764321
-0.172103679607874 1.06384731176906 0.0324776605825534 0.0127917465610432 0.21292439528008
-0.157655563634342 1.05137546833737 0.0308962876213197 0.0108640135109491 0.191259744101845
-0.165366557315609 1.07066874153965 0.0250194443358272 0.0113719644945668 0.214688026690426
-0.27536693543518 1.08632298721493 0.0340771756859881 0.0115292843476317 0.206658927240129
-0.194257978795153 1.0644058337093 0.0316505193699085 0.0113201278493843 0.201985234515982
-0.239445947686337 1.07770571218642 0.0325755730647998 0.0112977742545414 0.19319464327368
-0.252188654976868 1.07996283444085 0.0363752640128539 0.0123276270626553 0.199787769088288
-0.192805812400854 1.08184981352127 0.0241213222621515 0.0108665571370798 0.217499672811087
-0.230946192833542 1.10454432333717 0.0287828087900561 0.0136020643498652 0.225433189561618
-0.165366557315745 1.0706687415397 0.0250194443358277 0.0113719644945673 0.214688026690426
-0.223346663552962 1.10805271715601 0.0262652920002501 0.0132042249263969 0.225562187641834
-0.219905618083968 1.09147808176375 0.0253319895961093 0.0112718575081169 0.224459155998987
-0.179160503817243 1.07690865582882 0.025742126394339 0.0117375847849277 0.22171257865705
-0.212782416104113 1.08969194377914 0.0251724938089952 0.0112626980073172 0.21449352030543
-0.202429484317481 1.08586260678907 0.0267269120554698 0.0120378066774268 0.221130808247142
-0.235589233200682 1.07787514127147 0.0308888240754465 0.0109873508578679 0.213815192821285
-0.264296865924636 1.09475820601377 0.0336637376765623 0.0128611939979623 0.223515497807135
-0.275366935435378 1.086322987215 0.0340771756859837 0.0115292843476297 0.206658927240129
-0.219905618083945 1.09147808176374 0.025331989596113 0.0112718575081185 0.224459155998987
-0.405079354821448 1.12228838074708 0.0365357230918387 0.0118882487156641 0.214852277434314
-0.307349341173138 1.09814671426788 0.034095506323783 0.0117552967221005 0.214299490527813
-0.369035652447774 1.11549461522726 0.0352468483912946 0.0117849276923899 0.204243457542298
-0.412610058718271 1.12563333353493 0.0395638811812442 0.0128570828378317 0.209862515627596
-0.182483971437414 1.06302500607742 0.0295939992824059 0.0109762096678993 0.210506893647042
-0.202381436586806 1.07586777112054 0.0331763347726792 0.0131927228706828 0.221063216212839
-0.194257978795256 1.06440583370934 0.0316505193699016 0.0113201278493793 0.201985234515982
-0.179160503817171 1.07690865582879 0.0257421263943468 0.0117375847849307 0.22171257865705
-0.307349341173151 1.09814671426789 0.0340955063237819 0.0117552967220997 0.214299490527813
-0.225867072219772 1.07609413193755 0.0321815119957921 0.0116900372240922 0.211015638415706
-0.275102128445292 1.09074932884835 0.0329767535795856 0.011630140678465 0.202255127425947
-0.291196305551902 1.09413074613649 0.0364601374801347 0.012607951227198 0.20879069972759
-0.215428231713456 1.0730666160275 0.0300345615927873 0.0108698784238203 0.202644131431528
-0.249092735958153 1.09144337493736 0.0333933555179958 0.0129437361010565 0.21224565320976
-0.239445947686238 1.07770571218639 0.0325755730647991 0.0112977742545405 0.19319464327368
-0.212782416104215 1.08969194377919 0.0251724938089888 0.011262698007315 0.21449352030543
-0.369035652447707 1.11549461522724 0.0352468483913015 0.0117849276923899 0.204243457542298
-0.275102128445335 1.09074932884836 0.032976753579573 0.0116301406784639 0.202255127425947
-0.336423491007453 1.10877925756918 0.0339912780208389 0.0116434554448173 0.192335248976282
-0.367465679321264 1.11621943167752 0.0381421858664132 0.0127625477219194 0.198109818061547
-0.213788776153595 1.07151750209079 0.0326835142826385 0.0116747943557144 0.209236482544379
-0.244484274161843 1.08919957614882 0.036452412468489 0.0140466619784059 0.21990254697073
-0.252188654976686 1.07996283444079 0.0363752640128669 0.0123276270626564 0.199787769088288
-0.20242948431756 1.0858626067891 0.0267269120554666 0.0120378066774271 0.221130808247142
-0.4126100587181 1.12563333353488 0.0395638811812401 0.0128570828378325 0.209862515627596
-0.291196305552021 1.09413074613653 0.0364601374801376 0.0126079512271944 0.20879069972759
-0.367465679321315 1.11621943167754 0.0381421858664102 0.0127625477219189 0.198109818061547
-0.423114558933301 1.13010919450821 0.0437556070564521 0.0141980393009018 0.203628067277941
-0.111104005919511 1.02763501118412 0.00980995980262479 0.00326462034404255 0.236289813264056
-0.0782054263149572 1.02174743805626 0.00948876558738259 0.00337254905078199 0.236112324198211
-0.190231977069751 1.05346104019182 0.0094093667104618 0.00301831465851719 0.234047281122125
-0.0440463007050414 1.01716201593361 0.00784527386935472 0.00321172909714352 0.239373692464698
-0.227280576234598 1.05886135119207 0.00935198730966728 0.00293932443400246 0.232546976687407
-0.16302336207068 1.04599291228136 0.00953314069763004 0.00310454449716518 0.235853032472062
-0.164353752609623 1.04610241007317 0.0100484323684277 0.00325433078223483 0.234849408861949
-0.222896515091237 1.062182327875 0.0100486189313995 0.00316414410558618 0.23292176876728
-0.0782054263149185 1.02174743805625 0.00948876558738278 0.00337254905078195 0.236112324198211
-0.0491437665475084 1.01536242261404 0.00952409638656508 0.00356423098153043 0.235901831015509
-0.15790795349642 1.05001514624031 0.0089387869586077 0.00308013661329445 0.234182254965451
-0.0127559773035576 1.00791395887045 0.00821910569706634 0.00348129063158454 0.238879026136902
-0.182762390475608 1.05258743672471 0.00880794710205363 0.00297745361792351 0.232920456667758
-0.130677182264827 1.04155495777416 0.0091234332434894 0.00317898061072238 0.235805809781073
-0.126648892130993 1.04006695569648 0.00957846461541093 0.00332713991435559 0.234880167552515
-0.175957735673845 1.05497204344491 0.00943581809523411 0.00320153493449979 0.233236738779619
-0.190231977069672 1.05346104019178 0.009409366710461 0.00301831465851779 0.234047281122121
-0.15790795349643 1.0500151462403 0.00893878695860813 0.00308013661329446 0.234182254965449
-0.256758483277143 1.07334608215281 0.00914173268137423 0.00282205940099919 0.23151063407091
-0.114609107527575 1.04632029671551 0.00732211719282408 0.00291940542182926 0.237658368987213
-0.296734646024599 1.0788081221569 0.00913064490170217 0.00276259291769158 0.229999488449574
-0.233341507550199 1.06775671027638 0.00921677745476725 0.00289334281739575 0.233472334618007
-0.243658000227573 1.07047574259068 0.00968490111788713 0.00301987229447377 0.232401023975888
-0.301583345755944 1.08485072140631 0.00975960844663071 0.00295473257874808 0.230279262601052
-0.0440463007049311 1.01716201593357 0.00784527386935174 0.00321172909714344 0.239373692464698
-0.0127559773040084 1.00791395887064 0.00821910569706689 0.00348129063158426 0.238879026136903
-0.114609107527673 1.04632029671556 0.00732211719282469 0.00291940542182935 0.237658368987218
0.0656287671135496 0.979667002733748 0.00810833711220316 0.00382694918802163 0.241281339828665
-0.124984690640936 1.04406776184384 0.00713326990054458 0.00278743637323073 0.236093035471968
-0.0904207608571363 1.03738556004112 0.00750227756576613 0.00301041742046063 0.239158074375879
-0.0822858856845307 1.0343517628985 0.00774821976184049 0.00311026483933909 0.238178635034172
-0.117006585020222 1.04637208173575 0.00751760936683014 0.00295878845603469 0.236524265988461
-0.22728057623454 1.05886135119205 0.00935198730966795 0.00293932443400239 0.232546976687406
-0.182762390475574 1.0525874367247 0.00880794710205347 0.00297745361792423 0.232920456667758
-0.296734646024661 1.07880812215693 0.00913064490170206 0.00276259291769219 0.229999488449576
-0.124984690641031 1.04406776184386 0.00713326990054409 0.00278743637323064 0.236093035471965
-0.341271020108256 1.08560116848515 0.00913170480022689 0.00271009245587338 0.228367689038608
-0.271379359509367 1.07306411068202 0.00918558822996642 0.00282726669136194 0.231966189928333
-0.286661763123527 1.07701425778348 0.00965384302226942 0.00295011990143893 0.230839825961327
-0.351038693773692 1.09267722602057 0.00975899359798776 0.00289618607885854 0.228601167344823
-0.163023362070616 1.04599291228135 0.00953314069763182 0.00310454449716514 0.235853032472064
-0.130677182264769 1.04155495777415 0.00912343324349235 0.00317898061072363 0.235805809781075
-0.233341507550244 1.06775671027642 0.00921677745476853 0.00289334281739538 0.233472334618012
-0.0904207608571033 1.03738556004112 0.00750227756576653 0.00301041742046103 0.23915807437588
-0.27137935950934 1.07306411068202 0.00918558822996589 0.00282726669136156 0.231966189928335
-0.208724784022086 1.0614845416279 0.00930952418408793 0.0029684990188034 0.235304636810928
-0.215834034203923 1.06334623961204 0.00978832150385473 0.00310233177336388 0.234318436339194
-0.273028318406527 1.07814161363472 0.00983027890447967 0.00302919475143026 0.232315796389394
-0.164353752609682 1.04610241007319 0.0100484323684258 0.00325433078223438 0.234849408861949
-0.126648892131054 1.04006695569649 0.0095784646154093 0.00332713991435542 0.234880167552515
-0.243658000227654 1.07047574259072 0.00968490111788724 0.00301987229447322 0.232401023975892
-0.0822858856845685 1.03435176289851 0.00774821976184107 0.00311026483933948 0.238178635034172
-0.286661763123587 1.0770142577835 0.00965384302227002 0.00295011990143893 0.230839825961327
-0.215834034204014 1.06334623961206 0.00978832150385337 0.00310233177336371 0.234318436339191
-0.224793110990548 1.06574239377805 0.010357163540799 0.00326163451900921 0.233266209573789
-0.290707909782234 1.08291038306777 0.010415252525855 0.00318582554698062 0.231163608554139
-0.222896515091247 1.06218232787499 0.010048618931398 0.00316414410558605 0.232921768767277
-0.175957735673878 1.05497204344491 0.00943581809523494 0.00320153493450116 0.233236738779617
-0.301583345755674 1.08485072140625 0.00975960844663078 0.0029547325787482 0.230279262601054
-0.117006585020309 1.04637208173577 0.00751760936682973 0.00295878845603391 0.236524265988457
-0.35103869377372 1.09267722602058 0.00975899359798681 0.00289618607885858 0.228601167344822
-0.273028318406562 1.07814161363472 0.00983027890447951 0.00302919475142964 0.23231579638939
-0.290707909782291 1.08291038306778 0.0104152525258578 0.00318582554698084 0.231163608554137
-0.364528896491576 1.10115860708603 0.0105385525922159 0.00312745338356055 0.228834992312633
-0.283683925799898 1.09293310102215 0.0265681909134127 0.00999888981170966 0.202180801534858
-0.332929488225791 1.12092946549754 0.0294345395206339 0.0117554168982404 0.210275791427097
-0.284511204114316 1.09321027122391 0.028211946790126 0.0103396892107564 0.1965638651203
-0.343813521633433 1.14676309517758 0.0239218158563878 0.010776680316325 0.215700742491037
-0.355146996575632 1.10943667899994 0.0300720404690427 0.0106968157427532 0.20816134391236
-0.313556229275664 1.10411300197622 0.0286149725853188 0.0106130954366926 0.203542918726497
-0.344470376450462 1.11233295058249 0.0290393952492684 0.010509715445179 0.195929712821212
-0.342668991824323 1.11056560332852 0.0315585914326707 0.0112729635481137 0.202034842652593
-0.332929488225739 1.12092946549752 0.0294345395206429 0.011755416898242 0.210275791427097
-0.416767518260509 1.1679305801472 0.0346084261075383 0.0147069650875559 0.217676704158411
-0.335104863173834 1.12348637256703 0.0314887206376992 0.0124022397766291 0.206440879043145
-0.408778949511582 1.18896800397181 0.0284171880070095 0.0134292807464668 0.222569568436486
-0.404313192017621 1.13927346954981 0.0326423971404549 0.0124709919681379 0.216734152237283
-0.361704125540483 1.13430556025428 0.0319521932188522 0.0127059373235498 0.212906417975623
-0.407622579286882 1.14785817784464 0.0320900615925347 0.0124385609735006 0.203962015155324
-0.407574708469827 1.14769160188581 0.0349787794665217 0.0134788086250332 0.211012719700378
-0.284511204114218 1.09321027122388 0.0282119467901236 0.0103396892107552 0.1965638651203
-0.335104863173866 1.12348637256704 0.0314887206377036 0.0124022397766323 0.206440879043145
-0.295030799264491 1.09646080937119 0.0302185188325857 0.010625690727048 0.187064098117368
-0.339854769047055 1.15030415016711 0.024869783871651 0.0113039400627672 0.213403813128524
-0.39711548702792 1.11968249259927 0.0331871058723401 0.0112281482421854 0.201261153828633
-0.331589476398871 1.10975375823584 0.0306865859921515 0.0109753673433396 0.195833666919633
-0.373357872345919 1.12041211619961 0.0314877044546768 0.0109204825350265 0.18674286458528
-0.382994344313165 1.12160211259239 0.0352060029966233 0.0119313628941836 0.193365711235143
-0.34381352163344 1.14676309517758 0.0239218158563872 0.0107766803163244 0.215700742491037
-0.408778949511699 1.18896800397187 0.0284171880070186 0.0134292807464696 0.222569568436486
-0.339854769047111 1.15030415016713 0.024869783871648 0.0113039400627685 0.213403813128524
-0.415423840782712 1.20945458248325 0.0263655942016162 0.0132546493735168 0.226423567137084
-0.369421687575178 1.15422640419803 0.0250940128701501 0.0111659661119832 0.22235051566292
-0.350092598539385 1.15484566436466 0.0253932210534757 0.0115784951294116 0.218707515996487
-0.381151346581361 1.16455725957645 0.0247975931365754 0.0110949596382748 0.21129901102866
-0.376574998463575 1.1647841519695 0.026305252279462 0.0118478910277324 0.217642116142318
-0.355146996575624 1.10943667899994 0.0300720404690395 0.0106968157427538 0.20816134391236
-0.404313192017671 1.13927346954983 0.0326423971404552 0.0124709919681404 0.216734152237283
-0.397115487027854 1.11968249259925 0.0331871058723387 0.0112281482421826 0.201261153828634
-0.369421687575105 1.154226404198 0.0250940128701571 0.0111659661119833 0.22235051566292
-0.516679044898428 1.14653309333101 0.0355179721978021 0.0115570858226094 0.208867283052385
-0.428979663813616 1.13180820644369 0.0329697890320692 0.0113671769310748 0.207224052497901
-0.487073617530906 1.1469385771091 0.0340846137935662 0.0113963298085779 0.197508704690633
-0.526412192378097 1.15518819467879 0.0382622668626412 0.0124340969573393 0.202958237100769
-0.313556229275648 1.10411300197622 0.0286149725853076 0.0106130954366911 0.203542918726497
-0.361704125540562 1.13430556025431 0.0319521932188466 0.0127059373235497 0.212906417975622
-0.331589476398933 1.10975375823586 0.0306865859921554 0.0109753673433412 0.195833666919633
-0.35009259853938 1.15484566436466 0.0253932210534761 0.0115784951294145 0.218707515996487
-0.428979663813556 1.13180820644367 0.0329697890320668 0.0113671769310746 0.207224052497901
-0.362717685514511 1.12153340596812 0.030975622732699 0.0112519940900226 0.203108567649556
-0.408749629201811 1.13363734578995 0.0316609041932004 0.0111660709379924 0.194184676079842
-0.422775466666266 1.13631473097169 0.0350403760481795 0.0121169963343877 0.200660368815234
-0.344470376450458 1.11233295058248 0.0290393952492729 0.0105097154451814 0.195929712821212
-0.407622579286845 1.14785817784462 0.0320900615925405 0.0124385609735023 0.203962015155324
-0.373357872345933 1.12041211619961 0.0314877044546753 0.010920482535026 0.18674286458528
-0.381151346581343 1.16455725957644 0.0247975931365747 0.0110949596382769 0.21129901102866
-0.487073617530878 1.14693857710909 0.0340846137935669 0.0113963298085777 0.197508704690633
-0.408749629201781 1.13363734578994 0.0316609041931912 0.0111660709379894 0.194184676079842
-0.466457792411835 1.14913869279387 0.0325363109885672 0.0111450674817799 0.184102506264163
-0.494098894385186 1.15534581204245 0.0365311009210905 0.0122234714201385 0.189741872225493
-0.342668991824491 1.11056560332858 0.0315585914326644 0.011272963548112 0.202034842652594
-0.407574708469817 1.14769160188581 0.0349787794665228 0.0134788086250294 0.211012719700378
-0.382994344313051 1.12160211259235 0.0352060029966196 0.0119313628941809 0.193365711235143
-0.376574998463674 1.16478415196955 0.0263052522794599 0.0118478910277366 0.217642116142318
-0.526412192378115 1.15518819467879 0.0382622668626409 0.0124340969573389 0.202958237100769
-0.422775466666315 1.13631473097171 0.0350403760481829 0.0121169963343869 0.200660368815234
-0.494098894385124 1.15534581204243 0.0365311009210888 0.0122234714201362 0.189741872225493
-0.542831730269082 1.16692264000289 0.0420010560594279 0.0136287137747116 0.195462809097365
-0.0579869315237666 1.0256268016674 0.00708755982084719 0.00330908428693213 0.217706866407286
-0.0314243040301054 1.01354310998783 0.00720046394993866 0.00328186419565256 0.21721972103644
-0.193481213203464 1.0915067520747 0.0135365015584005 0.00674240907944602 0.215269863298132
-0.158541433719318 1.07335654363833 0.0138704751667712 0.00676005400558391 0.215716348076962
