 Sizes of combined sets:
           1       35514
           2       38376
           3       36607
           4       35520
           5       38168
           6       37311
           7       36335
           8       37045
           9       38376
          10       41238
          11       39469
          12       38382
          13       41030
          14       40173
          15       39197
          16       39907
          17       36607
          18       39469
          19       37700
          20       36613
          21       39261
          22       38404
          23       37428
          24       38138
          25       35520
          26       38382
          27       36613
          28       35526
          29       38174
          30       37317
          31       36341
          32       37051
          33       38168
          34       41030
          35       39261
          36       38174
          37       40822
          38       39965
          39       38989
          40       39699
          41       37311
          42       40173
          43       38404
          44       37317
          45       39965
          46       39108
          47       38132
          48       38842
          49       36335
          50       39197
          51       37428
          52       36341
          53       38989
          54       38132
          55       37156
          56       37866
          57       37045
          58       39907
          59       38138
          60       37051
          61       39699
          62       38842
          63       37866
          64       38576
 difference between fi model and real data
   2.1301089268735363E-002
